RGB:

('D = ', [0.018056281936348426, -0.04869027515899726, -0.00207650422904698, -0.003236334366514144, 0.0])
('K = ', [532.7535127902282, 0.0, 313.026835793531, 0.0, 530.5845173944252, 235.37808085098618, 0.0, 0.0, 1.0])
('R = ', [1.0, 0.0, 0.0, 0.0, 1.0, 0.0, 0.0, 0.0, 1.0])
('P = ', [531.956787109375, 0.0, 310.5368185233965, 0.0, 0.0, 531.0169677734375, 234.10640518141008, 0.0, 0.0, 0.0, 1.0, 0.0])
None
# oST version 5.0 parameters


[image]

width
640

height
480

[narrow_stereo]

camera matrix
532.753513 0.000000 313.026836
0.000000 530.584517 235.378081
0.000000 0.000000 1.000000

distortion
0.018056 -0.048690 -0.002077 -0.003236 0.000000

rectification
1.000000 0.000000 0.000000
0.000000 1.000000 0.000000
0.000000 0.000000 1.000000

projection
531.956787 0.000000 310.536819 0.000000
0.000000 531.016968 234.106405 0.000000
0.000000 0.000000 1.000000 0.000000


('Wrote calibration data to', '/tmp/calibrationdata.tar.gz')
('D = ', [0.018056281936348426, -0.04869027515899726, -0.00207650422904698, -0.003236334366514144, 0.0])
('K = ', [532.7535127902282, 0.0, 313.026835793531, 0.0, 530.5845173944252, 235.37808085098618, 0.0, 0.0, 1.0])
('R = ', [1.0, 0.0, 0.0, 0.0, 1.0, 0.0, 0.0, 0.0, 1.0])
('P = ', [531.956787109375, 0.0, 310.5368185233965, 0.0, 0.0, 531.0169677734375, 234.10640518141008, 0.0, 0.0, 0.0, 1.0, 0.0])
# oST version 5.0 parameters


[image]

width
640

height
480

[narrow_stereo]

camera matrix
532.753513 0.000000 313.026836
0.000000 530.584517 235.378081
0.000000 0.000000 1.000000

distortion
0.018056 -0.048690 -0.002077 -0.003236 0.000000

rectification
1.000000 0.000000 0.000000
0.000000 1.000000 0.000000
0.000000 0.000000 1.000000

projection
531.956787 0.000000 310.536819 0.000000
0.000000 531.016968 234.106405 0.000000
0.000000 0.000000 1.000000 0.000000




IR:

('D = ', [-0.021077010936645327, -0.020839013040442732, 0.0009034854482554587, 0.0009598462650907734, 0.0])
('K = ', [579.5317812897296, 0.0, 313.1969935171184, 0.0, 577.8193251585061, 240.0868138873662, 0.0, 0.0, 1.0])
('R = ', [1.0, 0.0, 0.0, 0.0, 1.0, 0.0, 0.0, 0.0, 1.0])
('P = ', [573.711669921875, 0.0, 313.0878024936974, 0.0, 0.0, 574.1456298828125, 239.8622561403281, 0.0, 0.0, 0.0, 1.0, 0.0])
None
# oST version 5.0 parameters


[image]

width
640

height
480

[narrow_stereo]

camera matrix
579.531781 0.000000 313.196994
0.000000 577.819325 240.086814
0.000000 0.000000 1.000000

distortion
-0.021077 -0.020839 0.000903 0.000960 0.000000

rectification
1.000000 0.000000 0.000000
0.000000 1.000000 0.000000
0.000000 0.000000 1.000000

projection
573.711670 0.000000 313.087802 0.000000
0.000000 574.145630 239.862256 0.000000
0.000000 0.000000 1.000000 0.000000


('Wrote calibration data to', '/tmp/calibrationdata.tar.gz')
('D = ', [-0.021077010936645327, -0.020839013040442732, 0.0009034854482554587, 0.0009598462650907734, 0.0])
('K = ', [579.5317812897296, 0.0, 313.1969935171184, 0.0, 577.8193251585061, 240.0868138873662, 0.0, 0.0, 1.0])
('R = ', [1.0, 0.0, 0.0, 0.0, 1.0, 0.0, 0.0, 0.0, 1.0])
('P = ', [573.711669921875, 0.0, 313.0878024936974, 0.0, 0.0, 574.1456298828125, 239.8622561403281, 0.0, 0.0, 0.0, 1.0, 0.0])
# oST version 5.0 parameters


[image]

width
640

height
480

[narrow_stereo]

camera matrix
579.531781 0.000000 313.196994
0.000000 577.819325 240.086814
0.000000 0.000000 1.000000

distortion
-0.021077 -0.020839 0.000903 0.000960 0.000000

rectification
1.000000 0.000000 0.000000
0.000000 1.000000 0.000000
0.000000 0.000000 1.000000

projection
573.711670 0.000000 313.087802 0.000000
0.000000 574.145630 239.862256 0.000000
0.000000 0.000000 1.000000 0.000000
